50.0587 3.6E3
50.1242 3.5E3
50.8428 3.3E3
52.3214 4.7E3
53.1381 3.7E3
54.8033 6.4E3
54.8057 1.6E4
55.6791 4.4E3
56.4435 3.5E3
57.0464 3.1E3
58.1401 4.8E3
65.2360 4.0E3
68.6392 3.8E3
69.0706 4.9E3
72.0077 4.3E3
73.0287 5.5E3
73.3863 3.7E3
79.4417 5.2E3
79.6811 4.2E3
80.0722 3.8E3
81.3685 5.3E3
85.5942 4.5E3
85.8619 4.3E3
86.9853 4.1E3
88.1479 3.9E3
89.0602 6.1E3
90.5386 5.3E3
91.2681 4.7E3
91.4997 1.7E4
91.5020 8.9E3
91.6725 3.9E3
92.9221 4.0E3
94.7435 5.4E3
95.0769 3.9E3
105.0342 6.4E3
111.8857 4.6E3
139.4395 4.6E3
148.4902 4.6E3
154.3585 5.3E3
157.4152 4.4E3
159.3306 5.2E3
180.1863 4.0E3
207.0662 5.7E3
209.0827 6.9E3
213.9916 4.1E3
220.0013 5.3E3
221.1648 4.6E3
234.0044 4.7E3
235.0613 1.6E4
237.0768 3.5E4
239.1349 4.8E3
239.8194 5.0E3
241.8817 5.0E3
243.5679 5.7E3
252.0876 5.3E3
255.0872 9.4E3
263.0140 6.0E3
263.0564 2.0E5
264.0593 2.6E4
268.1184 5.1E3
277.1518 4.7E3
280.0828 6.2E4
281.0205 6.5E3
281.0666 3.1E5
282.0692 2.0E4
294.0980 3.2E5
295.1012 4.3E4
298.0930 3.2E4
306.0979 8.4E3
325.1404 3.2E4
336.1823 5.5E3
344.4214 5.6E3
362.1608 7.7E5
363.1639 9.5E4
376.1373 6.6E3
376.1762 3.6E4
377.1797 1.0E4
392.1714 1.1E5
393.2059 7.3E4
394.2062 1.4E4
407.9276 4.7E3
413.0788 6.3E3
425.1906 8.2E3
433.5768 4.2E3
456.9039 5.8E3
462.2134 2.5E4
463.2120 7.4E3
490.8423 4.8E3
493.2554 2.6E5
494.2582 4.6E4
522.2253 6.7E3
523.2668 8.5E4
524.2688 1.8E4
529.9750 7.0E3
523.267