51.1925 3.7E3
52.4683 3.5E3
52.7308 3.8E3
53.7360 4.4E3
54.2063 3.7E3
54.2755 3.6E3
54.3173 3.9E3
56.3629 3.5E4
56.4743 8.4E3
59.0738 3.5E3
59.1629 3.9E3
60.1673 3.7E3
60.5402 3.3E3
66.2963 5.1E3
69.0703 1.4E4
72.0449 1.0E4
72.3422 4.0E3
73.0289 5.1E3
74.8490 4.1E3
78.0167 9.0E3
78.3646 3.7E3
80.1695 4.2E3
80.8597 1.2E4
81.3480 4.9E3
84.8995 1.2E4
90.4991 4.1E3
91.0906 4.8E3
91.4943 4.8E3
91.4993 1.1E4
93.3413 4.7E3
93.5197 4.2E3
94.0424 1.6E4
95.2572 4.3E3
96.0810 1.1E4
98.7598 3.8E3
99.4824 4.8E3
102.6918 4.7E3
108.5987 7.2E3
110.7117 5.3E3
111.0242 4.8E3
112.4298 4.6E3
115.0574 4.7E3
117.5759 4.8E3
118.6353 4.1E3
125.5938 6.0E3
126.2801 4.8E3
126.8149 5.7E3
128.1875 4.5E3
135.2246 4.2E3
138.4367 5.3E3
140.6011 4.5E3
142.8039 5.1E3
142.9290 4.0E3
147.6174 4.8E3
156.7746 4.4E3
173.0804 4.6E3
180.0555 6.2E3
204.1746 4.9E3
206.0613 6.2E3
207.0662 9.7E3
209.0815 9.7E3
222.7482 4.3E3
235.0611 5.2E4
236.0685 1.5E4
236.0920 6.6E3
237.0767 6.2E4
241.1587 5.2E3
241.9416 6.6E3
249.7566 4.4E3
253.0722 1.1E4
255.0875 1.8E4
258.3079 4.5E3
263.0561 7.9E5
264.0592 7.4E4
280.1190 8.1E3
281.0667 7.2E5
282.0698 8.0E4
282.1344 1.0E4
285.2091 5.7E3
304.1561 1.0E4
308.1139 8.9E5
309.1169 9.2E4
348.1418 5.5E3
350.1975 1.3E4
356.6506 6.9E3
358.1310 9.2E3
359.1148 5.9E3
359.8861 5.2E3
376.0804 8.7E3
376.0938 9.4E3
376.1767 1.9E6
376.2763 1.6E4
377.1302 9.3E3
377.1797 3.1E5
377.2290 1.1E4
379.2333 4.8E3
386.1423 5.3E3
386.2729 4.0E3
394.1508 5.8E3
418.5293 7.8E3
429.9969 6.8E3
439.2094 1.3E4
469.5603 6.2E3
506.2287 7.8E3
507.1919 7.7E3
507.2714 6.2E5
507.3469 9.7E3
508.1996 7.5E3
508.2743 1.4E5
529.2023 8.1E3
507.272