51.7806 3.7E3
57.3933 3.4E3
57.9006 3.3E3
58.7688 4.3E3
60.3841 3.7E3
64.6985 3.7E3
69.1859 4.2E3
72.6694 4.3E3
91.4995 1.2E4
94.0855 4.1E3
99.9208 3.8E3
115.3674 3.8E3
117.2148 4.4E3
119.0775 5.4E3
145.3279 3.8E3
161.7085 3.7E3
170.1181 4.2E3
206.3828 3.6E3
235.0615 1.0E4
236.0688 4.9E3
237.0767 5.4E3
263.0562 9.7E4
263.0845 6.2E3
264.0593 9.0E3
281.0670 6.3E4
294.0979 1.7E4
308.1138 4.8E4
362.1609 7.5E4
363.1629 1.7E4
376.1766 2.9E5
376.2256 8.8E3
377.1801 3.1E4
392.1714 9.3E3
422.7999 5.2E3
509.2920 1.9E4
509.2863