52.6672 4.4E3
55.8600 4.2E3
58.0954 3.9E3
58.9623 5.0E3
59.3132 4.7E3
60.2802 4.5E3
60.5701 4.0E3
62.9634 4.4E3
63.0013 5.1E3
63.3172 3.8E3
66.5553 3.7E3
71.5263 4.4E3
75.4111 5.0E3
77.1107 5.2E3
78.0164 1.2E4
80.8542 5.8E3
80.9485 7.2E3
83.1498 1.0E4
86.9040 4.8E3
89.0602 4.8E3
91.4357 4.1E3
91.4978 1.1E4
91.5015 7.4E3
92.7760 4.3E3
94.0423 1.9E4
94.1676 5.6E3
96.7633 4.6E3
98.3432 4.4E3
98.5650 4.9E3
103.8935 4.9E3
107.1414 4.6E3
110.4683 4.6E3
120.6915 5.6E3
123.2046 4.6E3
128.2013 4.7E3
128.7950 5.7E3
144.1022 5.3E3
146.0197 4.9E3
156.3123 4.8E3
163.4239 5.0E3
171.1063 5.1E3
178.2177 5.4E3
180.0554 7.1E3
183.8976 5.4E3
190.4051 4.4E3
203.3711 5.3E3
207.0669 6.8E3
209.0808 5.9E3
225.7041 5.7E3
226.2321 4.4E3
235.0611 1.8E4
237.0765 9.2E3
239.4176 6.1E3
247.6912 4.4E3
251.5985 5.1E3
253.0718 9.4E3
260.8464 5.0E3
263.0561 2.3E5
263.4047 5.9E3
264.0589 1.8E4
274.7307 4.9E3
280.1184 1.2E4
281.0358 1.4E4
281.0667 1.4E5
281.1132 7.7E3
282.0697 1.5E4
296.8561 5.7E3
308.1140 1.0E5
309.0583 5.9E3
309.1168 1.8E4
310.1142 5.2E3
317.7749 6.4E3
322.1622 8.2E3
339.1771 5.3E3
348.1836 6.9E3
350.1951 8.3E3
375.1810 6.4E3
376.0665 1.2E4
376.1766 9.5E5
376.2755 8.1E3
377.1299 9.7E3
377.1794 1.2E5
422.5397 4.8E3
454.9337 6.1E3
529.1992 8.3E3
581.7051 1.4E4
602.1603 6.3E3
633.1147 4.3E3
642.7152 5.1E3
650.6488 5.1E3
663.8955 6.4E3
690.9498 5.7E3
691.7429 6.5E3
748.3566 1.0E5
749.3593 2.9E4
748.3569