54.1594 4.3E3
56.7277 4.5E3
59.1178 4.1E3
59.2050 4.1E3
59.4776 4.3E3
61.9651 4.3E3
65.0047 4.9E3
66.0948 4.0E3
68.5358 4.0E3
69.0704 4.4E3
70.0656 5.3E3
71.1495 5.7E3
72.3471 4.7E3
72.7661 4.1E3
73.7623 4.1E3
81.6039 4.3E3
84.0810 5.5E3
85.2047 3.9E3
86.0966 6.9E3
86.2444 4.3E3
87.9804 5.1E3
91.4986 9.7E3
93.7343 4.0E3
94.2989 4.2E3
96.0811 4.7E3
97.6915 5.2E3
98.0969 3.2E4
103.2816 4.9E3
104.6277 4.3E3
112.4650 3.7E3
112.4739 4.7E3
113.0599 4.4E3
117.0178 4.8E3
124.1127 5.6E3
135.1825 4.0E3
136.0614 1.1E4
137.9185 4.1E3
140.1075 4.8E3
142.1221 1.1E4
185.1661 4.5E3
202.0685 3.8E4
242.6187 5.0E3
251.1208 4.0E3
261.8079 4.3E3
281.2221 2.4E4
307.8633 4.6E3
309.2166 7.4E3
322.1443 6.1E3
322.2670 5.3E3
332.1435 4.7E3
343.2585 3.8E3
383.7701 4.2E3
386.7770 4.1E3
499.7414 4.1E3
502.8379 4.3E3
516.4584 4.2E3
535.9717 4.3E3
547.8143 3.8E3
599.0131 4.7E3
604.6331 5.9E3
628.9685 4.3E3
640.3525 6.3E4
641.3526 1.4E4
640.3532