52.2916 4.0E3
53.4644 8.5E3
55.0552 5.0E3
56.0504 4.9E3
56.1251 4.3E3
56.4389 4.3E3
56.6235 4.5E3
57.5015 3.5E3
57.5638 4.2E3
59.2526 3.7E3
59.3586 3.9E3
60.6293 3.6E3
60.7073 3.4E3
61.8223 3.6E3
61.9014 4.2E3
62.9888 3.8E3
63.3178 3.5E3
65.5120 3.5E3
67.1295 4.0E3
67.6405 5.0E3
68.0501 5.7E3
69.0705 4.5E3
70.1920 3.8E3
71.7323 3.6E3
71.9690 3.7E3
73.3270 4.2E3
74.4849 3.9E3
75.8307 4.1E3
76.4306 4.0E3
79.0547 7.7E3
80.9478 4.4E3
83.3289 3.8E3
83.5633 3.8E3
84.5279 3.5E3
85.4402 3.9E3
86.8876 3.7E3
89.0600 6.1E3
89.8100 3.7E3
91.4989 1.1E4
91.9937 3.9E3
92.6206 4.5E3
93.5286 4.9E3
94.0194 4.2E3
96.0813 5.4E4
96.0859 2.4E3
97.8954 3.7E3
99.7683 3.8E3
100.9007 4.2E3
102.7610 3.5E3
106.0147 4.2E3
107.6556 4.5E3
112.5884 3.7E3
114.0897 3.9E3
114.9440 3.7E3
117.4386 3.8E3
118.2128 4.2E3
128.6805 3.9E3
135.4600 3.7E3
145.0132 3.9E3
147.5732 3.9E3
171.4950 3.4E3
200.5478 3.9E3
217.6483 4.0E3
226.5588 3.5E3
254.8040 3.7E3
278.6194 3.7E3
290.4200 3.8E3
303.7901 3.7E3
322.0530 5.7E3
322.0984 4.2E3
322.1491 4.9E3
325.6033 4.3E3
354.6773 3.6E3
386.1107 8.7E3
414.0805 4.0E3
422.1120 5.7E3
424.1261 5.3E3
432.9872 4.1E3
437.1466 4.3E3
462.1352 4.1E3
464.1582 1.6E4
481.1147 6.2E3
481.1847 1.2E5
481.2512 6.2E3
482.1877 2.0E4
481.1849