77.3514 6.8E3
80.4420 5.3E3
81.9104 5.6E3
82.0653 7.4E3
82.8464 1.3E4
83.0609 8.2E3
83.3764 6.7E3
83.6512 6.1E3
84.0446 1.1E4
84.0813 2.6E4
85.3923 6.2E3
86.0606 4.7E4
86.0922 1.2E4
86.0948 5.2E4
88.0762 7.5E3
91.0548 9.9E3
91.4981 1.5E4
94.3321 7.7E3
96.0813 4.5E4
98.0969 3.5E5
98.1027 9.1E3
98.1047 6.7E3
99.1002 1.3E4
101.0102 6.3E3
101.7224 1.0E4
104.2018 6.4E3
110.0718 2.2E4
110.0962 1.3E4
110.9192 6.0E3
113.0599 2.6E4
120.0808 2.1E4
122.0965 1.4E4
124.1121 3.9E4
126.0911 6.9E3
126.1277 1.2E4
126.3925 6.8E3
127.0058 6.7E3
127.0158 5.9E3
127.0871 8.1E3
129.1021 1.6E4
129.3190 7.6E3
130.0392 8.3E3
131.0813 2.7E4
132.2690 6.8E3
133.6827 6.6E3
135.7340 6.9E3
136.0758 1.9E4
140.1069 4.0E4
141.0697 1.7E4
141.1135 8.6E3
142.0776 2.7E4
142.1226 1.0E5
143.1180 9.6E3
145.2885 7.6E3
147.0263 1.3E4
150.1276 6.1E3
150.6450 7.5E3
151.1057 6.9E3
152.1069 8.8E3
159.0902 8.4E3
160.0834 2.9E4
160.1328 1.8E4
160.2102 9.9E3
162.5990 6.8E3
166.1593 1.1E4
168.1019 8.1E3
175.0576 3.1E4
176.0611 7.7E3
182.1177 9.8E3
187.0456 8.5E3
187.1451 7.5E3
192.1749 1.2E4
195.1492 2.1E4
196.1332 3.9E4
197.5303 7.7E3
199.7701 6.6E3
201.1235 7.2E3
202.0684 4.6E5
203.0717 3.7E4
207.8117 5.8E3
207.9706 6.1E3
218.0999 1.1E4
219.0945 1.1E4
221.8618 7.7E3
223.4534 6.7E3
232.1547 8.5E3
266.1988 1.1E4
267.2050 7.9E3
272.1965 1.1E4
279.2113 6.7E3
281.2223 3.8E5
282.2253 3.2E4
293.0791 6.4E3
309.1810 1.5E4
309.2171 1.0E5
310.2209 1.3E4
332.1424 7.3E4
333.1454 1.4E4
339.7406 5.8E3
375.9636 6.8E3
408.9184 9.6E3
439.2928 1.1E4
469.5645 6.2E3
473.2582 3.9E4
474.2606 1.1E4
527.2716 9.7E3
538.7080 6.7E3
545.6529 8.1E3
575.2275 8.0E3
593.8322 8.4E3
612.3573 2.1E4
623.6715 7.6E3
631.8831 8.1E3
639.3488 1.7E4
640.2392 1.4E4
640.3526 1.6E6
640.4493 5.2E3
641.2498 1.4E4
641.3559 2.9E5
752.1814 8.2E3
789.7841 7.5E3
809.3983 7.8E3
827.7701 1.1E4
827.8513 6.9E3
888.5132 6.1E3
903.3131 6.5E3
904.2935 8.5E3
921.1647 7.5E3
948.9570 7.4E3
975.2985 8.8E3
978.2301 8.3E3
1052.1585 1.2E4
1071.5359 9.1E3
1109.8875 9.1E3
1119.9185 7.7E3
1131.7545 8.1E3
1120.5317