80.0501 9.8E3
85.2518 3.8E3
86.0970 5.5E3
91.4959 9.0E3
91.5014 9.2E3
94.0653 7.0E3
96.0811 1.3E4
98.0969 5.4E4
105.2340 4.3E3
111.4837 4.4E3
116.2845 4.3E3
122.0405 4.4E3
140.1065 4.7E3
142.0771 4.5E3
142.1224 8.1E3
153.8412 4.5E3
167.0710 4.1E3
202.0686 6.1E4
203.0756 4.9E3
281.2228 2.1E4
309.2163 7.0E3
320.6795 1.6E5
321.1808 6.0E4
321.6808 8.0E3
332.1426 1.7E4
333.1428 5.1E3
373.7879 5.8E3
400.1263 1.3E4
400.6223 3.9E3
497.1791 1.0E5
498.1806 2.6E4
569.3148 6.0E3
593.3471 4.7E3
640.3508 6.8E4
641.3583 2.1E4
1062.3730 5.2E3
1102.0934 5.6E3
568.7674