84.0814 9.0E3
86.0605 1.8E4
86.0969 3.1E4
91.4977 1.9E4
96.0812 2.4E4
96.3235 5.4E3
98.0970 1.8E5
110.0715 8.6E3
113.0600 1.4E4
120.0815 7.7E3
124.1120 1.5E4
131.0814 1.2E4
137.7221 6.4E3
140.1070 1.8E4
141.0700 1.1E4
142.0773 1.5E4
142.1227 4.0E4
160.0841 1.3E4
175.0573 1.2E4
186.3343 5.9E3
194.4908 6.8E3
195.1488 1.6E4
196.1332 2.5E4
196.2607 5.9E3
202.0685 2.3E5
203.0711 1.7E4
203.7156 6.1E3
272.1972 7.8E3
279.2061 9.1E3
281.2222 1.1E5
282.2255 1.5E4
295.5999 6.9E3
299.2355 6.5E3
309.2168 4.3E4
310.2212 8.5E3
311.9930 5.8E3
328.5222 6.5E3
332.1430 2.7E4
335.2282 7.1E3
388.9378 7.7E3
400.0980 6.1E3
453.1672 7.5E3
472.0945 6.2E3
473.2588 2.3E4
522.9172 8.2E3
527.2571 7.9E3
596.2798 7.0E3
638.3343 1.2E4
639.3452 1.1E4
640.3528 7.0E5
641.3558 1.3E5
664.7261 5.7E3
677.6869 6.0E3
925.1618 6.6E3
974.0483 1.2E4
1036.3245 6.9E3
1136.5265