82.9342 4.7E3
84.4264 4.2E3
86.0969 6.6E3
88.8314 4.4E3
91.4984 1.2E4
96.0811 7.2E3
97.9159 4.5E3
98.0969 2.7E4
103.1405 3.7E3
108.0806 5.3E3
109.2249 4.1E3
112.8930 4.4E3
125.0116 4.4E3
131.3301 4.1E3
138.6110 3.8E3
140.1066 8.3E3
142.1226 7.3E3
146.9160 3.9E3
156.2255 3.9E3
156.6573 4.2E3
164.2579 3.7E3
168.1018 1.4E4
194.6252 4.8E3
202.0684 4.0E4
234.2019 4.3E3
255.0052 4.4E3
281.2224 1.7E4
293.8030 4.1E3
298.0618 4.4E3
309.2150 6.8E3
320.6800 8.0E4
321.1820 2.7E4
321.6835 5.9E3
328.4760 4.4E3
332.1423 1.1E4
345.1920 4.1E3
367.0764 4.9E3
376.5062 4.8E3
378.6684 4.0E3
457.6713 4.3E3
463.4228 5.6E3
464.1587 2.1E4
465.1644 5.8E3
469.5341 3.7E3
520.6117 4.6E3
523.3590 4.9E3
553.2055 6.7E4
554.2075 1.4E4
568.3027 4.4E3
590.1245 4.5E3
595.6605 4.0E3
640.3535 5.3E4
641.3558 1.8E4
734.6368 5.7E3
792.6225 4.1E3
945.5958 4.9E3
1163.2896 4.5E3
1201.8049 4.8E3
596.7801