51.2419 3.0E3
52.7841 3.7E3
53.4622 3.7E3
53.4645 7.8E3
54.1581 3.7E3
62.8789 3.8E3
63.4069 3.8E3
63.9867 3.5E3
68.0503 7.0E3
69.0705 4.8E3
73.8337 3.3E3
79.0547 1.3E4
81.0578 4.2E3
81.9408 3.5E3
89.3164 4.1E3
91.4985 1.7E4
96.0813 7.9E4
96.0876 5.4E3
132.3023 4.0E3
166.4496 3.8E3
177.5937 4.5E3
178.8384 4.0E3
182.6779 3.7E3
188.0491 3.7E3
220.5056 4.3E3
224.5825 3.9E3
244.2505 3.8E3
295.4798 4.4E3
308.3708 3.6E3
322.3039 4.6E3
335.7013 3.7E3
386.1105 1.0E4
389.7752 4.2E3
410.1152 4.4E3
422.1108 7.3E3
424.1250 4.8E3
432.5906 4.6E3
464.1574 1.9E4
465.1627 5.9E3
481.1134 7.7E3
481.1848 1.3E5
481.2537 5.1E3
482.1894 1.7E4
481.1851